TAXA_1,TAXA_2,TAXA_3,TAXA_4,TAXA_5,TAXA_6,TAXA_7,TAXA_8,TAXA_9,TAXA_10
0.0,0.09717200000000001,0.147544,0.134376,0.137376,0.10489600000000002,0.061408,0.129484,0.092608,0.095136
0.0,0.09680799999999999,0.14022799999999996,0.137324,0.13621999999999998,0.10488799999999998,0.062596,0.134012,0.09606,0.09186399999999999
0.0,0.100248,0.144096,0.13659600000000002,0.146996,0.105216,0.057735999999999996,0.13178399999999998,0.08353600000000001,0.093792
0.0,0.096076,0.147692,0.13922800000000002,0.142348,0.107936,0.06001599999999999,0.13204,0.083456,0.091208
0.0,0.103244,0.144236,0.133976,0.14535199999999998,0.10714000000000004,0.05820000000000001,0.12996000000000002,0.086116,0.091776
0.0,0.104552,0.13939600000000002,0.13330799999999998,0.143372,0.11422800000000002,0.056655999999999984,0.13222,0.08458399999999999,0.091684
0.0,0.104156,0.148288,0.136236,0.144064,0.10934800000000003,0.055911999999999996,0.132524,0.08363200000000001,0.08584
0.0,0.10245599999999999,0.15128400000000003,0.125204,0.146592,0.117524,0.05332800000000001,0.132456,0.07948799999999999,0.091668
0.0,0.10344400000000001,0.14678000000000002,0.128948,0.15076799999999999,0.114976,0.056984,0.131052,0.07836399999999999,0.08868400000000001
0.0,0.11140399999999999,0.14052399999999998,0.1332,0.152312,0.11490799999999998,0.05498399999999999,0.133592,0.07530399999999998,0.083772
0.0,0.1092,0.144696,0.1301,0.144272,0.11804,0.055828,0.135692,0.074684,0.087488
0.0,0.108976,0.144812,0.13494799999999998,0.14499599999999999,0.12145600000000001,0.052264,0.12792800000000001,0.075552,0.08906800000000001
0.0,0.10946799999999998,0.142008,0.124556,0.148704,0.12612399999999999,0.058936,0.128652,0.075156,0.086396
0.0,0.112056,0.143996,0.13035999999999998,0.14767599999999997,0.126976,0.05736399999999999,0.128472,0.06766399999999999,0.085436
0.0,0.11446400000000001,0.14331599999999997,0.13020800000000002,0.149776,0.12511999999999998,0.05682,0.125104,0.072576,0.08261600000000001
0.0,0.113592,0.14594,0.126628,0.151116,0.129092,0.05358400000000001,0.13221200000000002,0.06788799999999999,0.07994799999999999
0.0,0.113852,0.14194,0.12905999999999998,0.159436,0.128376,0.050575999999999996,0.12847599999999998,0.069552,0.078732
0.0,0.11480000000000001,0.14596,0.126128,0.15593200000000002,0.13034,0.052712,0.12467600000000001,0.063868,0.08558400000000001
0.0,0.11497199999999999,0.142008,0.12567599999999998,0.154152,0.12686399999999998,0.05411199999999999,0.13119200000000003,0.067692,0.08333199999999999
0.0,0.125232,0.13596,0.12474400000000001,0.153372,0.128048,0.053183999999999995,0.134592,0.06460400000000001,0.080264
0.0,0.118528,0.140596,0.12624,0.15529199999999999,0.12935200000000002,0.051292000000000004,0.13314,0.063296,0.082264
0.0,0.119196,0.13585200000000003,0.124692,0.15723199999999998,0.13002399999999997,0.051488,0.13495200000000002,0.06353600000000001,0.083028
0.0,0.1147,0.146924,0.12346399999999999,0.155956,0.14154,0.05102399999999999,0.1272,0.057016,0.082176
0.0,0.11465600000000001,0.143704,0.123624,0.157392,0.1338,0.049659999999999996,0.13631200000000002,0.062112,0.07874
0.0,0.12165199999999998,0.14088000000000003,0.12292,0.15518,0.13824799999999998,0.05107199999999999,0.13145199999999999,0.056735999999999995,0.08186
0.0,0.120484,0.14495999999999998,0.12365999999999999,0.156624,0.138044,0.05035600000000001,0.12908400000000003,0.05518399999999999,0.08160399999999998
0.0,0.120648,0.13806000000000002,0.12409600000000001,0.15542799999999998,0.14298799999999998,0.0492,0.13391199999999998,0.05418400000000001,0.081484
0.0,0.12113999999999998,0.138936,0.12524,0.15984399999999999,0.14133999999999997,0.049836000000000005,0.133504,0.054104000000000006,0.076056
0.0,0.11757599999999999,0.14534,0.12420400000000001,0.16094,0.140388,0.049884,0.136328,0.048884,0.076456
0.0,0.12101199999999998,0.138776,0.125272,0.15745599999999998,0.144332,0.052000000000000005,0.13356800000000002,0.04969199999999999,0.07789199999999999
0.0,0.12056800000000001,0.140716,0.12812,0.160876,0.14358,0.052164,0.133168,0.047052,0.073756
0.0,0.121112,0.13840000000000002,0.124884,0.15975999999999999,0.14425200000000002,0.053571999999999995,0.135768,0.044144,0.078108
0.0,0.121584,0.146712,0.12087200000000001,0.16294,0.146112,0.046560000000000004,0.13511199999999998,0.043436,0.07667199999999999
0.0,0.121416,0.14556,0.12036,0.164536,0.148196,0.048752000000000004,0.13029200000000002,0.044983999999999996,0.075904
0.0,0.11961999999999999,0.14704,0.12712,0.16029599999999997,0.148016,0.048464,0.131508,0.039619999999999995,0.078316
0.0,0.122716,0.145692,0.125284,0.16008799999999998,0.14450000000000002,0.048659999999999995,0.138452,0.040848,0.07376
0.0,0.12864,0.145944,0.118492,0.165404,0.14794400000000002,0.050303999999999995,0.13451600000000002,0.036448,0.072308
0.0,0.128728,0.14224799999999999,0.12444799999999998,0.164668,0.15130400000000002,0.050388,0.13216,0.03408,0.07197600000000001
0.0,0.120152,0.14944399999999997,0.12388400000000002,0.16938399999999998,0.14346,0.048508,0.139588,0.031936000000000006,0.07364399999999999
0.0,0.12223200000000001,0.14339200000000002,0.12279200000000001,0.171732,0.153176,0.05182,0.136412,0.0306,0.067844
0.0,0.124664,0.145036,0.12147599999999999,0.17103200000000002,0.150848,0.049176,0.12813999999999998,0.030772,0.07885600000000001
0.0,0.129952,0.151304,0.11652,0.166016,0.15117200000000003,0.047452,0.13351600000000002,0.03216,0.071908
0.0,0.12555199999999997,0.146624,0.12119200000000001,0.166728,0.16303600000000001,0.047299999999999995,0.133136,0.027195999999999998,0.06923599999999999
0.0,0.123808,0.149772,0.121584,0.16974,0.155188,0.050884,0.13529999999999998,0.02544,0.068284
0.0,0.130876,0.143012,0.12101999999999999,0.16618,0.15667599999999998,0.046304,0.135616,0.025895999999999995,0.07442
0.0,0.122048,0.14648,0.12496800000000001,0.17378,0.15698399999999998,0.046232,0.13894800000000002,0.021368,0.069192
0.0,0.12843200000000002,0.15352,0.12054399999999998,0.17168,0.15753199999999998,0.047084,0.13632400000000003,0.0195,0.065384
0.0,0.12746,0.147736,0.122008,0.16443599999999997,0.155808,0.04520400000000001,0.142452,0.020852000000000002,0.074044
0.0,0.126904,0.15071600000000002,0.11746000000000001,0.17115599999999997,0.15873600000000004,0.046112,0.142696,0.0179,0.06832
0.0,0.12722,0.149272,0.122404,0.169752,0.16210399999999997,0.045739999999999996,0.13576400000000002,0.017136,0.07060799999999999
0.0,0.126892,0.15190399999999998,0.122196,0.165208,0.163956,0.044296,0.140716,0.018564000000000004,0.066268
0.0,0.119088,0.149252,0.12022,0.172908,0.164556,0.048004000000000005,0.138596,0.015672000000000002,0.071704
0.0,0.12675999999999998,0.15467199999999998,0.120916,0.170628,0.16326000000000002,0.04701999999999999,0.13585599999999998,0.013816,0.067072
0.0,0.12662,0.14568399999999998,0.11676800000000001,0.174412,0.16785599999999998,0.050019999999999995,0.14072,0.015444,0.062476
0.0,0.12676,0.15198799999999998,0.12116799999999998,0.16887200000000002,0.167652,0.046939999999999996,0.137204,0.012,0.067416
0.0,0.125092,0.14842400000000003,0.11952399999999999,0.172008,0.167016,0.044876000000000006,0.1404,0.012804000000000001,0.069856
0.0,0.12301999999999999,0.144184,0.12213599999999998,0.17072400000000001,0.17018800000000003,0.044300000000000006,0.14313199999999998,0.0111,0.071216
0.0,0.12962,0.146924,0.11818000000000002,0.173168,0.16898400000000002,0.04518,0.14010799999999998,0.010392000000000002,0.06744399999999999
0.0,0.12984800000000002,0.15284000000000003,0.118624,0.16764400000000004,0.16746,0.047736,0.140348,0.010768,0.06473199999999998
0.0,0.126328,0.14625600000000002,0.11835199999999998,0.17654399999999998,0.170072,0.044316,0.142632,0.008424,0.067076
0.0,0.12891599999999998,0.144872,0.116496,0.17148400000000003,0.175352,0.046092,0.14336,0.00918,0.064248
0.0,0.127652,0.142652,0.11824400000000002,0.17839599999999997,0.172584,0.042392,0.14431199999999997,0.007583999999999999,0.06618399999999999
0.0,0.125068,0.150992,0.116936,0.168556,0.177068,0.047603999999999994,0.14132399999999998,0.008884,0.063568
0.0,0.127568,0.14608399999999996,0.11948399999999999,0.17737599999999998,0.169748,0.042524,0.144528,0.008,0.06468800000000001
0.0,0.126776,0.149188,0.12103599999999999,0.169396,0.176356,0.043192,0.144088,0.006247999999999999,0.06372
0.0,0.129616,0.13851200000000002,0.11998000000000002,0.1779,0.176544,0.04346,0.144196,0.00624,0.06355199999999998
0.0,0.1271,0.142076,0.11856399999999997,0.173144,0.17376400000000003,0.044944,0.152088,0.006332,0.061988
0.0,0.128544,0.14257199999999998,0.11488800000000002,0.17272800000000002,0.177572,0.045972,0.148712,0.005624,0.063388
0.0,0.126172,0.143592,0.112128,0.174964,0.176952,0.046324000000000004,0.151968,0.005728,0.062172000000000005
0.0,0.125428,0.14486000000000002,0.11566400000000002,0.174984,0.18526399999999998,0.045028,0.14150800000000002,0.005292,0.06197199999999999
0.0,0.122912,0.14122,0.125492,0.1722,0.183136,0.042831999999999995,0.149608,0.0034279999999999996,0.059172
0.0,0.11995199999999999,0.13972400000000001,0.11910000000000001,0.171272,0.190564,0.043160000000000004,0.15238400000000002,0.00432,0.05952399999999999
0.047552,0.11146800000000001,0.138664,0.108756,0.16819599999999998,0.17716,0.03882000000000001,0.149744,0.004004,0.055636000000000005
0.04841999999999999,0.116268,0.133484,0.112416,0.165628,0.174016,0.044092000000000006,0.144484,0.0035160000000000005,0.057676000000000005
0.05311600000000001,0.11537199999999999,0.135264,0.11301999999999998,0.16519599999999998,0.175172,0.04140799999999999,0.13906000000000002,0.00398,0.058412
0.054687999999999994,0.11172799999999998,0.130612,0.11217200000000001,0.168052,0.181924,0.03938,0.141588,0.002972,0.056884000000000004
0.062499999999999986,0.11407199999999999,0.13277999999999998,0.111408,0.16214399999999998,0.17928800000000003,0.041008,0.14075200000000002,0.003404,0.05264399999999999
0.061815999999999996,0.112148,0.13296400000000003,0.11017200000000002,0.165392,0.176788,0.039628000000000003,0.139064,0.0034360000000000003,0.05859200000000001
0.06999999999999999,0.11155200000000001,0.128288,0.109548,0.15944,0.179576,0.041451999999999996,0.14284800000000003,0.0024800000000000004,0.054816
0.07274,0.10906400000000001,0.12566,0.11139600000000001,0.171848,0.17186800000000002,0.039704,0.13983600000000002,0.0026000000000000003,0.055284
0.074552,0.10984800000000002,0.13332399999999997,0.109324,0.15889199999999998,0.174952,0.04016,0.141832,0.0021479999999999997,0.054967999999999996
0.08322,0.113416,0.12534,0.10561599999999997,0.16068,0.17430400000000001,0.04074799999999999,0.13756,0.002436,0.056679999999999994
0.09146000000000001,0.106644,0.12501599999999996,0.106168,0.15754799999999997,0.176848,0.041848,0.13565200000000002,0.002384,0.056431999999999996
0.09323200000000001,0.105416,0.12507200000000002,0.112204,0.153796,0.175064,0.040256,0.135984,0.00262,0.056356
0.10003200000000001,0.108276,0.12341200000000001,0.10902800000000001,0.15626800000000002,0.17369600000000002,0.036476,0.1349,0.001852,0.05606000000000001
0.104764,0.10059200000000001,0.124216,0.10529600000000001,0.15514,0.17516399999999996,0.042275999999999994,0.13733999999999996,0.0012039999999999998,0.054008
0.11036400000000002,0.10641999999999999,0.125648,0.102328,0.156192,0.17165999999999998,0.038964,0.13229599999999997,0.0019320000000000001,0.054196
0.11127600000000001,0.101376,0.120844,0.10600799999999999,0.15485600000000002,0.182344,0.038964,0.132208,0.001304,0.05082
0.127364,0.10296000000000001,0.121808,0.10300000000000001,0.14829599999999998,0.173136,0.040708,0.127492,0.0016640000000000001,0.053571999999999995
0.127844,0.105308,0.12033600000000003,0.10655600000000001,0.144112,0.175872,0.036516,0.129228,0.0008959999999999999,0.053332000000000004
0.13124799999999998,0.10468,0.12372399999999999,0.10005599999999999,0.15233599999999997,0.16972399999999999,0.041468000000000005,0.12438400000000001,0.000848,0.051532
0.146672,0.09908000000000002,0.11721599999999999,0.105996,0.144036,0.17135599999999998,0.03910400000000001,0.12378800000000001,0.001024,0.051727999999999996
0.146172,0.09970799999999999,0.118748,0.09834,0.14835199999999998,0.16838799999999998,0.039568000000000006,0.12914799999999999,0.001456,0.05012
0.154352,0.10484,0.11788799999999999,0.101796,0.14476400000000003,0.174844,0.036836,0.11206800000000001,0.001676,0.050936
0.16200799999999999,0.10003600000000001,0.11449600000000001,0.09518800000000001,0.14513199999999998,0.17343199999999998,0.041892000000000006,0.11748399999999999,0.001208,0.049124
0.16796799999999998,0.10127599999999999,0.107988,0.09648400000000001,0.144032,0.171136,0.038008,0.121256,0.001012,0.050839999999999996
0.169912,0.09645600000000001,0.115432,0.097832,0.14239600000000002,0.17368,0.038156,0.112392,0.001192,0.052552
0.18130000000000002,0.09954400000000001,0.11306800000000002,0.100996,0.139468,0.16661600000000001,0.03625199999999999,0.112944,0.000764,0.049048
0.184336,0.096536,0.10607199999999999,0.095448,0.135652,0.18117999999999998,0.036756000000000004,0.11247199999999999,0.000656,0.05089200000000001
0.18751199999999998,0.10058799999999998,0.10398,0.10212400000000002,0.13696000000000003,0.173812,0.036123999999999996,0.11107999999999998,0.00033999999999999997,0.04748
0.201296,0.096536,0.108792,0.094432,0.133828,0.17032799999999998,0.036632000000000005,0.10856000000000002,0.00045599999999999997,0.04914
0.20464800000000002,0.09756400000000001,0.10698400000000001,0.095772,0.13467999999999997,0.16195599999999996,0.037635999999999996,0.11111200000000002,0.00038,0.04926799999999999
0.20624000000000003,0.0977,0.11253999999999997,0.093172,0.139448,0.165968,0.037044,0.10057200000000002,0.000616,0.046700000000000005
0.208228,0.100996,0.105204,0.099384,0.126824,0.16832799999999998,0.03879199999999999,0.106788,0.000644,0.044812
0.215496,0.099332,0.105288,0.09862800000000001,0.12923199999999999,0.165464,0.0353,0.102844,0.000152,0.048263999999999994
0.21428799999999998,0.096112,0.09948399999999999,0.09506400000000001,0.13382,0.169676,0.037996,0.100472,0.000348,0.052739999999999995
0.22902399999999998,0.096,0.10689199999999999,0.09245600000000001,0.127724,0.16721200000000003,0.037772,0.10067200000000001,0.00026,0.041988
0.227576,0.093544,0.10029199999999998,0.09367600000000001,0.12802,0.167108,0.03836,0.103236,0.000196,0.04799200000000001
0.22781599999999996,0.09470799999999999,0.104876,0.092816,0.127132,0.17108,0.033584,0.10169199999999998,0.000732,0.04556400000000001
0.23736800000000002,0.092024,0.09834,0.093876,0.128708,0.167676,0.038315999999999996,0.097812,0.00016800000000000002,0.045711999999999996
0.240496,0.09178800000000001,0.10404,0.092444,0.12358,0.16316000000000003,0.04132,0.09723200000000001,0.00017999999999999998,0.045759999999999995
0.243052,0.09226399999999998,0.10114799999999999,0.09654,0.126856,0.161808,0.035848000000000005,0.09827999999999999,0.000668,0.043536
0.248644,0.092992,0.10134399999999999,0.09394,0.12416,0.164472,0.033451999999999996,0.096772,0.00033600000000000004,0.043887999999999996
0.253756,0.097948,0.101936,0.09019999999999999,0.11979599999999999,0.16024,0.03664,0.094424,0.000396,0.044663999999999995
0.249076,0.09141999999999999,0.10396399999999999,0.093784,0.12210000000000001,0.166292,0.037888,0.09008,0.000188,0.045208000000000005
0.24980000000000002,0.099032,0.09781999999999999,0.09332,0.125396,0.163652,0.034012,0.092404,0.000108,0.044456
0.2527,0.09054799999999999,0.09776399999999999,0.09718800000000001,0.120444,0.166844,0.03896,0.091468,0.0001,0.043984
0.26056,0.092452,0.101624,0.09435199999999999,0.12442799999999998,0.16221599999999997,0.03498,0.08568799999999999,0.00022799999999999999,0.043472
0.25678,0.0902,0.09572,0.09475599999999999,0.12138800000000001,0.167968,0.037632,0.089116,0.000356,0.046084
0.26057600000000003,0.09278399999999999,0.100732,0.092636,0.12156800000000001,0.16346,0.034440000000000005,0.090856,0.000172,0.042776
0.259556,0.09237999999999999,0.100068,0.092828,0.12350799999999999,0.16609600000000002,0.034052,0.08810399999999999,4e-05,0.043368000000000004
0.26674,0.088836,0.100552,0.09380400000000001,0.122488,0.16450800000000002,0.036807999999999994,0.081896,5.9999999999999995e-05,0.044308
0.27122000000000007,0.093364,0.097436,0.09202,0.12038399999999998,0.160112,0.035284,0.088648,4.8e-05,0.04148400000000001
0.27374400000000004,0.0947,0.09597599999999998,0.090768,0.11951599999999998,0.163144,0.035072000000000006,0.08408799999999998,0.00020400000000000003,0.04278800000000001
0.27225600000000005,0.09485600000000001,0.096608,0.097152,0.11708000000000003,0.160096,0.03474,0.08598399999999999,2.4e-05,0.041204000000000005
0.277808,0.09431600000000001,0.09153599999999999,0.09348800000000002,0.11839200000000001,0.16287999999999997,0.039012000000000005,0.08424,0.00016,0.038167999999999994
0.27822800000000003,0.09321199999999999,0.094868,0.095308,0.12029600000000003,0.1628,0.033943999999999995,0.07961599999999999,0.000232,0.04149599999999999
0.28253999999999996,0.09516,0.09403600000000001,0.095072,0.12086000000000001,0.15995199999999998,0.033976,0.077956,0.00020400000000000003,0.040243999999999995
0.28093199999999996,0.089064,0.096868,0.09834800000000002,0.123184,0.159636,0.03685600000000001,0.07174,9.6e-05,0.043276
0.28437999999999997,0.09215599999999999,0.09792400000000001,0.094204,0.11824400000000002,0.16067599999999999,0.035983999999999995,0.0789,5.599999999999999e-05,0.037476
0.293596,0.094796,0.089528,0.096524,0.11876400000000001,0.156612,0.035963999999999996,0.071456,0.0,0.04276
0.29546,0.09104000000000001,0.096044,0.09446,0.11580799999999998,0.16166799999999998,0.034564,0.07221999999999999,0.0,0.038736
0.298848,0.09395200000000001,0.09578800000000001,0.094344,0.1162,0.15806800000000001,0.032715999999999995,0.070628,0.0,0.039456
0.2938279999999999,0.090896,0.08908400000000001,0.09383599999999999,0.11835599999999999,0.164584,0.037267999999999996,0.06973599999999999,0.0,0.042412000000000005
0.30701600000000007,0.09117199999999999,0.094072,0.08874,0.11908400000000001,0.15688000000000002,0.03474,0.065356,0.0,0.04293999999999999
0.30128,0.092644,0.09396800000000001,0.09478,0.11857599999999999,0.155,0.03546799999999999,0.06821999999999999,0.0,0.040063999999999995
0.3090719999999999,0.089964,0.089748,0.094036,0.11913600000000002,0.15963999999999998,0.035816,0.062224,0.0,0.040364
0.31388,0.087744,0.09269599999999999,0.09508400000000002,0.11490800000000001,0.15741999999999998,0.034344,0.0634,0.0,0.040524
0.307004,0.090776,0.089804,0.09346799999999998,0.11746000000000001,0.157168,0.036919999999999994,0.06509999999999999,0.0,0.0423
0.31726,0.08919600000000001,0.093336,0.09574400000000001,0.113076,0.15607200000000002,0.03724,0.05930399999999999,0.0,0.038772
0.326612,0.09186,0.088568,0.08820800000000002,0.115748,0.153812,0.03604400000000001,0.060351999999999996,0.0,0.038796
0.32152000000000003,0.089364,0.091232,0.09681200000000001,0.112276,0.15433999999999998,0.035896,0.05688800000000001,0.0,0.041672
0.32244799999999996,0.08846799999999999,0.09118000000000001,0.091504,0.120184,0.15732,0.03548,0.055992,0.0,0.037424
0.330092,0.091492,0.091284,0.09072,0.11584399999999999,0.15851600000000002,0.037192,0.050052000000000006,0.0,0.034808000000000006
0.3274119999999999,0.08851200000000001,0.091792,0.090428,0.12217999999999998,0.15267999999999998,0.036788,0.05207599999999999,0.0,0.038132
0.324984,0.083624,0.090188,0.089656,0.11942,0.16438400000000003,0.037292,0.052156,0.0,0.038296
0.330044,0.08797999999999999,0.09317600000000001,0.09242799999999998,0.116456,0.156308,0.034676,0.050856,0.0,0.038076000000000006
0.32608400000000004,0.08977600000000001,0.086512,0.09377200000000001,0.11599199999999998,0.15919599999999998,0.036975999999999995,0.051815999999999994,0.0,0.039875999999999995
0.33227599999999996,0.087492,0.085952,0.091592,0.12287200000000001,0.15578400000000003,0.037664,0.047976,0.0,0.038391999999999996
0.326236,0.088772,0.08985599999999999,0.10095999999999998,0.118984,0.15430799999999997,0.036696,0.047144,0.0,0.037044
