TAXA_1,TAXA_2,TAXA_3,TAXA_4,TAXA_5,TAXA_6,TAXA_7,TAXA_8,TAXA_9,TAXA_10
0.0,0.159744,0.08486,0.091872,0.091552,0.08915600000000001,0.14709999999999998,0.16920799999999997,0.062968,0.10354
0.0,0.15648,0.087916,0.09058000000000001,0.095,0.091852,0.14498,0.168252,0.06224800000000001,0.102692
0.0,0.16333599999999998,0.08414400000000001,0.08862799999999998,0.099104,0.090776,0.142912,0.16584,0.05888000000000001,0.10638
0.0,0.165196,0.086152,0.09168000000000001,0.09589600000000001,0.096688,0.136036,0.16992400000000002,0.056396,0.10203200000000001
0.0,0.164272,0.0926,0.08864000000000001,0.09811600000000001,0.091876,0.145188,0.16488,0.052024,0.10240400000000001
0.0,0.16559200000000002,0.09446399999999999,0.096608,0.09925999999999999,0.096592,0.13722,0.16271599999999997,0.046984000000000005,0.10056399999999999
0.0,0.16187600000000002,0.09950400000000001,0.08524000000000001,0.099648,0.10190000000000002,0.142,0.167624,0.045804000000000004,0.09640399999999999
0.0,0.16292399999999999,0.09463999999999999,0.088084,0.09607600000000001,0.105376,0.138284,0.16916400000000004,0.042308,0.10314400000000001
0.0,0.17157999999999998,0.100664,0.09545599999999999,0.09235200000000002,0.1059,0.129928,0.167528,0.03896000000000001,0.097632
0.0,0.161252,0.10056400000000001,0.093448,0.10067600000000002,0.10534000000000002,0.134468,0.166376,0.038984,0.098892
0.0,0.16144,0.10385200000000001,0.0952,0.09484000000000001,0.10866799999999999,0.13391199999999998,0.167832,0.038988,0.09526799999999999
0.0,0.159824,0.10337199999999999,0.09323200000000001,0.09706000000000001,0.110456,0.131776,0.17096799999999998,0.036107999999999994,0.097204
0.0,0.17362,0.100644,0.08949599999999999,0.09673600000000002,0.111564,0.12847599999999998,0.16792,0.036988,0.094556
0.0,0.166784,0.10403199999999999,0.089664,0.09985999999999999,0.112744,0.128728,0.16435200000000003,0.035168000000000005,0.098668
0.0,0.16896000000000003,0.109728,0.086584,0.09716,0.12114799999999999,0.128416,0.16164,0.030756,0.095608
0.0,0.168808,0.10382399999999999,0.08334,0.099228,0.125752,0.12846400000000002,0.165528,0.032096,0.09295999999999999
0.0,0.169056,0.10797599999999999,0.089164,0.10422799999999999,0.11856,0.125768,0.16681200000000002,0.030268,0.08816800000000001
0.0,0.17214800000000002,0.10444,0.08544399999999999,0.09803999999999999,0.129244,0.126044,0.16372,0.032268000000000005,0.08865200000000001
0.0,0.177784,0.10303199999999998,0.08616399999999999,0.09796,0.127004,0.12494800000000002,0.16580399999999998,0.027524000000000003,0.08978
0.0,0.174376,0.102992,0.090152,0.102204,0.129508,0.12400799999999998,0.16426400000000002,0.029047999999999997,0.083448
0.0,0.170892,0.106344,0.08934,0.09645200000000001,0.129536,0.12725199999999998,0.163372,0.026248000000000004,0.090564
0.0,0.172496,0.106972,0.087948,0.100212,0.131848,0.12125999999999999,0.166504,0.022855999999999998,0.08990400000000001
0.0,0.17455199999999998,0.10522799999999999,0.086784,0.09553199999999999,0.13239599999999999,0.12499200000000002,0.166236,0.02472,0.08956
0.0,0.176792,0.10122400000000001,0.08786,0.10372400000000001,0.135136,0.12290000000000001,0.16066,0.024347999999999998,0.08735600000000002
0.0,0.171736,0.105088,0.08838800000000001,0.10178400000000001,0.1362,0.12282,0.162572,0.023156,0.088256
0.0,0.17991200000000002,0.11020400000000001,0.083508,0.10200800000000002,0.1383,0.118756,0.15904400000000002,0.021872,0.086396
0.0,0.177072,0.10725199999999999,0.08820800000000001,0.10063599999999999,0.14145599999999997,0.11861999999999999,0.16109199999999999,0.025624,0.08003999999999999
0.0,0.17726,0.10972799999999998,0.088752,0.09874800000000002,0.14629999999999999,0.11371999999999997,0.161336,0.021231999999999997,0.082924
0.0,0.17209200000000002,0.110308,0.086228,0.097844,0.150376,0.11714400000000003,0.160056,0.020800000000000006,0.08515199999999999
0.0,0.18048399999999998,0.105196,0.089604,0.099308,0.151464,0.11386800000000001,0.160108,0.019620000000000002,0.080348
0.0,0.174008,0.112016,0.08986799999999999,0.099424,0.14507599999999998,0.11269199999999999,0.16369200000000003,0.021008,0.082216
0.0,0.175176,0.10170399999999999,0.08805199999999999,0.100608,0.15208,0.114308,0.16284800000000002,0.019688000000000004,0.085536
0.0,0.180632,0.109816,0.084748,0.10032,0.154352,0.11084399999999998,0.160356,0.018112,0.08081999999999999
0.0,0.17333600000000002,0.108832,0.086908,0.101204,0.15567199999999998,0.110496,0.16492,0.018704000000000002,0.07992800000000001
0.0,0.174,0.10685199999999999,0.090276,0.09703999999999999,0.16004800000000002,0.10917600000000001,0.164984,0.016076000000000003,0.081548
0.0,0.17686000000000002,0.11069999999999999,0.090396,0.097312,0.154744,0.108928,0.161032,0.018008,0.08202
0.0,0.176284,0.10418799999999999,0.08720000000000003,0.100028,0.16140800000000002,0.10840000000000001,0.159524,0.01776,0.085208
0.0,0.17171599999999998,0.107932,0.08588400000000002,0.099876,0.16484000000000001,0.10667200000000002,0.165216,0.017704,0.08016
0.0,0.176828,0.10688799999999998,0.09049199999999999,0.10212400000000002,0.161328,0.10661999999999998,0.162432,0.015932,0.07735600000000001
0.0,0.174092,0.102496,0.089136,0.10154400000000001,0.16868000000000002,0.10549199999999999,0.162208,0.016915999999999997,0.079436
0.0,0.177844,0.113344,0.090028,0.099424,0.17009600000000002,0.102092,0.152172,0.015995999999999996,0.07900399999999999
0.0,0.170852,0.10764800000000001,0.08747599999999998,0.10038,0.176448,0.103016,0.164424,0.013752,0.07600399999999999
0.0,0.17553600000000003,0.110236,0.088324,0.1044,0.173404,0.10302800000000001,0.157776,0.014296,0.073
0.0,0.17386000000000001,0.11417199999999998,0.091852,0.10011599999999998,0.169668,0.09975599999999998,0.16351200000000002,0.013672,0.073392
0.0,0.17946,0.10707599999999999,0.088912,0.102316,0.16759600000000002,0.10394,0.16392400000000001,0.012948000000000001,0.073828
0.0,0.175128,0.108428,0.08958799999999999,0.10398,0.17920799999999998,0.09995200000000001,0.15777200000000002,0.010956,0.074988
0.0,0.179168,0.11084000000000001,0.083456,0.10429999999999999,0.179736,0.09768,0.162204,0.012468,0.070148
0.0,0.17876,0.103464,0.087712,0.103724,0.17676799999999998,0.09752,0.16508799999999998,0.012260000000000002,0.074704
0.0,0.174292,0.107592,0.088912,0.10373999999999999,0.185088,0.10081999999999999,0.15556799999999998,0.010988000000000001,0.073
0.0,0.174256,0.10983999999999998,0.08687199999999999,0.10372,0.18026,0.10103599999999999,0.15782000000000002,0.011684,0.07451200000000001
0.0,0.172992,0.109792,0.08641199999999999,0.10122800000000001,0.184368,0.09530799999999999,0.166064,0.010983999999999999,0.072852
0.0,0.169192,0.111232,0.087728,0.10414400000000001,0.18772,0.094824,0.16286,0.009276000000000001,0.073024
0.0,0.174016,0.11357999999999999,0.086428,0.10241199999999999,0.18919999999999998,0.089192,0.16011200000000003,0.011748,0.073312
0.0,0.17586400000000002,0.107724,0.088004,0.102664,0.189208,0.092688,0.162796,0.010136000000000001,0.07091599999999999
0.0,0.171792,0.112148,0.08613200000000001,0.10449199999999999,0.18705200000000002,0.092636,0.16448800000000002,0.007540000000000001,0.07372
0.0,0.16799999999999998,0.112724,0.090168,0.10235599999999997,0.19299999999999998,0.092444,0.16067199999999998,0.008344,0.072292
0.0,0.171756,0.112168,0.08934,0.10615199999999998,0.189928,0.09216,0.16295599999999996,0.006556000000000001,0.068984
0.0,0.172328,0.11028,0.088884,0.10573600000000001,0.192524,0.09179200000000001,0.161436,0.006952,0.07006799999999999
0.0,0.171168,0.112456,0.08272,0.11051999999999998,0.19019600000000003,0.09248799999999999,0.16624,0.006704,0.067508
0.0,0.16877599999999998,0.111156,0.08715999999999999,0.10669599999999999,0.197212,0.086852,0.16696,0.006307999999999999,0.06888
0.0,0.17407199999999998,0.10659599999999998,0.082068,0.11003199999999999,0.19473999999999997,0.09345599999999998,0.158268,0.006987999999999999,0.07378
0.0,0.169428,0.10703199999999999,0.082816,0.104996,0.204092,0.088524,0.167876,0.006564,0.068672
0.0,0.167116,0.11066400000000001,0.08701600000000001,0.108752,0.199124,0.086868,0.16827999999999999,0.00524,0.06694000000000001
0.0,0.171224,0.11021200000000002,0.08874000000000001,0.10478400000000002,0.197716,0.091072,0.165864,0.004784,0.065604
0.0,0.176988,0.10954,0.083124,0.111832,0.19679200000000002,0.088184,0.16044,0.005828,0.067272
0.0,0.16575199999999998,0.11254400000000002,0.082456,0.110868,0.19926400000000002,0.08608,0.16740000000000002,0.005200000000000001,0.070436
0.0,0.16913999999999998,0.10659199999999999,0.084568,0.10589600000000002,0.210624,0.087892,0.164696,0.004503999999999999,0.06608800000000001
0.0,0.169452,0.11066799999999999,0.086264,0.10869599999999999,0.20242400000000002,0.08536000000000002,0.165232,0.005892,0.066012
0.0,0.172848,0.105832,0.085248,0.10651200000000001,0.21388800000000002,0.084324,0.16156,0.0039,0.06588799999999999
0.0,0.169912,0.113148,0.08506799999999999,0.10788800000000001,0.20887599999999998,0.082312,0.161984,0.0035240000000000002,0.067288
0.0,0.165384,0.11384800000000002,0.087232,0.104948,0.21240399999999998,0.08026400000000002,0.16681200000000002,0.00466,0.064448
0.0,0.16748800000000003,0.11346400000000001,0.086192,0.10944799999999999,0.210876,0.076876,0.16821199999999997,0.0038400000000000005,0.06360400000000001
0.050288,0.15645200000000004,0.10704799999999999,0.084776,0.09880799999999998,0.20758799999999997,0.07688799999999998,0.15451600000000001,0.004116,0.059519999999999997
0.053136,0.16826400000000002,0.099864,0.08036800000000001,0.0984,0.199928,0.078032,0.155256,0.0033759999999999997,0.06337600000000002
0.053844,0.151868,0.106316,0.081772,0.10056399999999999,0.20851199999999998,0.075984,0.153868,0.002812,0.06445999999999999
0.056940000000000004,0.158116,0.10516800000000001,0.080848,0.10382399999999999,0.20542000000000002,0.072228,0.15244400000000002,0.00312,0.061892
0.062868,0.15807200000000002,0.10238,0.080228,0.09876799999999998,0.20373599999999997,0.07523200000000001,0.15488400000000002,0.0035879999999999996,0.060244
0.06737600000000002,0.15926400000000002,0.10538800000000001,0.07824,0.097548,0.20635600000000004,0.07378400000000002,0.14787999999999998,0.0034720000000000003,0.060692
0.0693,0.162424,0.10720400000000001,0.078532,0.10030399999999999,0.199296,0.07357999999999999,0.146584,0.002972,0.05980399999999999
0.07655200000000001,0.161148,0.10105599999999999,0.079684,0.095492,0.20421199999999998,0.070172,0.148088,0.0025840000000000004,0.061012
0.081076,0.155016,0.09822000000000002,0.07970399999999998,0.09876,0.20656,0.073924,0.14616800000000002,0.0024079999999999996,0.058164000000000014
0.08731599999999999,0.15660000000000002,0.101352,0.07395600000000001,0.096928,0.20323600000000003,0.071144,0.144956,0.002572,0.061939999999999995
0.087128,0.157452,0.0998,0.079348,0.0961,0.20268799999999998,0.07217200000000001,0.142708,0.002748,0.059856
0.092456,0.160736,0.10151999999999999,0.078384,0.09377599999999998,0.200252,0.070988,0.140924,0.0022040000000000002,0.05876
0.10225200000000001,0.153072,0.1008,0.07536000000000001,0.09059199999999999,0.20352800000000001,0.071572,0.13744399999999998,0.002688,0.062692
0.105272,0.15350399999999997,0.10307999999999999,0.075628,0.090448,0.20535199999999998,0.072856,0.13281199999999999,0.0019160000000000004,0.059132000000000004
0.11343600000000001,0.15532400000000002,0.10081999999999999,0.07436799999999999,0.091312,0.203904,0.06794800000000001,0.130896,0.002124,0.059868
0.12119599999999997,0.15586799999999998,0.095504,0.07664,0.088924,0.202508,0.06595200000000001,0.13191199999999997,0.0020880000000000004,0.059408
0.13488,0.15624,0.100992,0.07145599999999999,0.08587599999999998,0.19802,0.069584,0.1237,0.002456,0.05679600000000001
0.13165200000000002,0.148868,0.097072,0.07831199999999999,0.08392400000000001,0.20612,0.066616,0.126236,0.001196,0.060004
0.142368,0.15186000000000002,0.091668,0.073924,0.080348,0.20370400000000002,0.065096,0.13008,0.0012480000000000002,0.05970399999999999
0.150528,0.15031600000000003,0.096,0.07075200000000001,0.08546400000000001,0.20602,0.06388800000000001,0.116748,0.002024,0.05826
0.15190399999999998,0.14845999999999998,0.09747600000000001,0.07247600000000001,0.08469999999999998,0.20715599999999998,0.062112,0.114932,0.001356,0.059428
0.16320399999999996,0.15308400000000005,0.09674400000000001,0.07114400000000001,0.07921199999999999,0.19748,0.06833599999999998,0.110816,0.0013160000000000001,0.058663999999999994
0.16407200000000002,0.15206,0.096212,0.069608,0.07886799999999998,0.209536,0.063672,0.11091600000000001,0.0011920000000000001,0.053864
0.176524,0.153036,0.094172,0.06996000000000001,0.077656,0.194616,0.06455200000000001,0.106652,0.0016920000000000001,0.06113999999999999
0.177392,0.1494,0.09924000000000001,0.06892000000000001,0.07796,0.20304799999999998,0.06452,0.10017999999999998,0.001304,0.058036
0.179896,0.14888,0.094512,0.069836,0.077732,0.20110799999999998,0.06339999999999998,0.10707599999999999,0.0016640000000000001,0.055896
0.191568,0.151156,0.09495999999999999,0.068108,0.072964,0.203532,0.06052,0.09893199999999999,0.0009720000000000001,0.05728799999999999
0.187276,0.15334,0.098312,0.06587599999999999,0.07924800000000001,0.19930399999999998,0.05978,0.102644,0.000784,0.053436000000000004
0.193204,0.14722,0.092476,0.071304,0.072648,0.20449200000000003,0.06396400000000001,0.09638400000000001,0.00102,0.05728799999999999
0.19646000000000002,0.14912,0.094732,0.06670799999999999,0.077792,0.20351599999999997,0.058184,0.09825199999999998,0.001204,0.054032000000000004
0.198568,0.148224,0.09306,0.067132,0.076572,0.19902,0.06094000000000001,0.097708,0.0006799999999999999,0.058096
0.199884,0.14512799999999998,0.096388,0.070008,0.074248,0.201608,0.062324000000000004,0.09310000000000002,0.000804,0.05650799999999999
0.215044,0.14694800000000002,0.092584,0.064268,0.075208,0.196336,0.058384000000000005,0.09291200000000002,0.00043999999999999996,0.057876
0.21241600000000002,0.145368,0.09123600000000001,0.06645999999999999,0.07802800000000001,0.199132,0.061768,0.091144,0.001188,0.053259999999999995
0.21302400000000002,0.145916,0.09726399999999999,0.070256,0.07492800000000001,0.200068,0.05715999999999999,0.08642799999999999,0.0006399999999999999,0.054315999999999996
0.20818799999999998,0.152144,0.09408400000000001,0.068324,0.076164,0.19828800000000002,0.05899599999999999,0.08842000000000001,0.000536,0.054855999999999995
0.21513200000000002,0.14244400000000002,0.09004,0.067336,0.078184,0.203044,0.058792,0.08414,0.0007,0.060188
0.22118399999999996,0.146932,0.09319199999999998,0.06894,0.07543599999999999,0.19708399999999998,0.059744000000000005,0.08392,0.001508,0.05206000000000001
0.217488,0.14546,0.091732,0.0726,0.07689199999999999,0.19712400000000002,0.05936,0.08516,0.0006280000000000001,0.053556000000000006
0.224304,0.14401199999999997,0.09204399999999999,0.074444,0.071348,0.195116,0.059724,0.084028,0.000924,0.05405600000000001
0.221516,0.142004,0.09416000000000001,0.07198000000000002,0.076364,0.203196,0.056628,0.078516,0.00044,0.055196
0.225028,0.14468,0.09369999999999999,0.068076,0.077464,0.20478000000000002,0.05804799999999999,0.077692,0.001056,0.049476
0.22800800000000004,0.139996,0.09326,0.071576,0.074252,0.20052799999999998,0.056479999999999995,0.08310799999999999,0.000656,0.052136
0.21388,0.146016,0.09866,0.06954400000000001,0.077408,0.203716,0.05728,0.078272,0.00047200000000000003,0.054752
0.221236,0.146732,0.08891200000000002,0.0746,0.077716,0.20111999999999997,0.053852,0.079236,0.000716,0.05588
0.22093600000000002,0.14394800000000002,0.09191599999999998,0.073632,0.07839600000000001,0.202548,0.05294,0.081968,0.0006720000000000001,0.053044
0.22382400000000002,0.14202399999999998,0.096164,0.07391600000000001,0.07726000000000001,0.19704000000000002,0.055144000000000006,0.076712,0.000536,0.05738000000000001
0.233004,0.137988,0.08888,0.074872,0.07856400000000001,0.200352,0.052624000000000004,0.077612,0.000452,0.055652
0.225176,0.138604,0.09140000000000001,0.07718,0.08262800000000001,0.19982400000000003,0.056735999999999995,0.075332,0.00035999999999999997,0.05276000000000001
0.225908,0.13955599999999996,0.09220400000000001,0.077072,0.08418,0.198532,0.055520000000000014,0.073428,0.00020400000000000003,0.053396
0.23000400000000001,0.1442,0.09330799999999999,0.07541199999999999,0.07518,0.20192000000000002,0.05483600000000001,0.07188000000000001,0.000316,0.052944000000000005
0.223868,0.14165999999999998,0.09312799999999999,0.07347999999999999,0.080836,0.20861999999999997,0.05264799999999999,0.072692,0.000264,0.05280399999999998
0.229856,0.144448,0.09315599999999999,0.076092,0.08326400000000002,0.19598400000000005,0.05681200000000001,0.070216,0.00033600000000000004,0.049836000000000005
0.23078400000000002,0.14374399999999998,0.09060399999999999,0.07740799999999999,0.07852400000000001,0.199544,0.056916,0.06978799999999999,0.00028,0.05240799999999999
0.23486400000000002,0.139928,0.09186799999999999,0.07719999999999999,0.08159200000000001,0.196916,0.055288000000000004,0.07253200000000001,0.00028399999999999996,0.049528
0.23696799999999998,0.141268,0.08838,0.073048,0.08515599999999998,0.199796,0.055824000000000006,0.071828,0.000264,0.047467999999999996
0.23525999999999997,0.140052,0.09194,0.077768,0.08468800000000001,0.198092,0.053532,0.066504,0.000264,0.0519
0.228188,0.142488,0.094096,0.07844,0.08686400000000001,0.19271200000000002,0.05432,0.069216,0.00033600000000000004,0.05334
0.23589600000000002,0.142944,0.09408000000000001,0.07734,0.08433199999999999,0.19270800000000002,0.053844,0.067236,0.0,0.05162
0.23442399999999997,0.14457599999999998,0.091852,0.078016,0.082004,0.195176,0.055276000000000006,0.066248,0.0,0.05242799999999999
0.235812,0.137608,0.09385200000000002,0.078824,0.086272,0.193352,0.054216,0.067564,0.0,0.05249999999999999
0.24521199999999999,0.13342400000000001,0.089268,0.081724,0.082164,0.19337600000000002,0.058792,0.066084,0.0,0.049956
0.239192,0.138364,0.0928,0.08152,0.082908,0.194896,0.055628,0.062812,0.0,0.051879999999999996
0.23975199999999997,0.13312399999999996,0.092404,0.081124,0.089036,0.19708,0.055035999999999995,0.06182,0.0,0.050624
0.2373,0.138892,0.09006800000000001,0.08456,0.08538799999999999,0.199388,0.053835999999999995,0.061815999999999996,0.0,0.048752
0.24006000000000002,0.140116,0.087056,0.08398399999999999,0.08588799999999999,0.196688,0.05266400000000001,0.06300400000000002,0.0,0.050539999999999995
0.24590399999999998,0.135488,0.09101600000000001,0.084852,0.085144,0.19541999999999998,0.05381199999999999,0.059764000000000005,0.0,0.048600000000000004
0.24682400000000002,0.13894,0.092572,0.082996,0.08421200000000001,0.190784,0.05266399999999999,0.059019999999999996,0.0,0.051988
0.239112,0.13981200000000002,0.09514399999999999,0.08078400000000001,0.09125599999999999,0.19573200000000002,0.051656000000000014,0.05786,0.0,0.04864399999999999
0.24121200000000004,0.13889200000000002,0.090804,0.082008,0.090116,0.195328,0.052332000000000004,0.05760799999999999,0.0,0.0517
0.247524,0.134496,0.09187999999999999,0.0841,0.089068,0.191268,0.06050000000000001,0.051160000000000004,0.0,0.05000400000000001
0.24387999999999996,0.136712,0.094724,0.08410000000000001,0.08602400000000002,0.19317199999999998,0.050528,0.062307999999999995,0.0,0.048552
0.247892,0.140956,0.08930800000000001,0.082084,0.089612,0.18839600000000004,0.053543999999999994,0.058148,0.0,0.05006000000000001
0.25530400000000003,0.136124,0.09134,0.081264,0.088536,0.18925999999999998,0.051815999999999994,0.058472,0.0,0.047883999999999996
0.24962399999999998,0.13888799999999998,0.09666400000000001,0.083672,0.08526,0.189748,0.05488799999999999,0.053432,0.0,0.047824
0.250128,0.12854799999999997,0.09148,0.08525200000000001,0.08849599999999999,0.19372799999999998,0.060904,0.053456000000000004,0.0,0.048007999999999995
0.251768,0.138712,0.09206,0.08564399999999998,0.090148,0.187036,0.052188,0.051075999999999996,0.0,0.051368000000000004
0.250676,0.131552,0.09059999999999999,0.08357200000000001,0.091376,0.19394799999999998,0.05231600000000001,0.05389200000000001,0.0,0.05206800000000002
