TAXA_1,TAXA_2,TAXA_3,TAXA_4,TAXA_5,TAXA_6,TAXA_7,TAXA_8,TAXA_9,TAXA_10
0.0,0.101944,0.07708000000000001,0.12468399999999998,0.171108,0.0962,0.14568,0.12444799999999998,0.081468,0.07738799999999998
0.0,0.099164,0.08352000000000001,0.124156,0.172484,0.103932,0.14135199999999998,0.12012800000000001,0.083124,0.07214000000000001
0.0,0.104868,0.085284,0.127888,0.16824,0.10048000000000001,0.137596,0.12774000000000002,0.075056,0.072848
0.0,0.10318000000000001,0.08554799999999999,0.125468,0.172936,0.100772,0.13629200000000002,0.12268799999999999,0.076552,0.07656400000000001
0.0,0.10282399999999998,0.086892,0.123424,0.166804,0.107992,0.136704,0.125492,0.07303600000000002,0.07683200000000001
0.0,0.10569999999999999,0.08568400000000001,0.125268,0.170008,0.109164,0.134988,0.12723999999999996,0.072496,0.069452
0.0,0.10442,0.093352,0.12546,0.16082400000000002,0.10488800000000001,0.13556400000000002,0.13232,0.072112,0.07105999999999998
0.0,0.10336400000000001,0.09236799999999998,0.12076799999999999,0.168932,0.10480400000000001,0.13930399999999998,0.126336,0.07036,0.07376400000000001
0.0,0.105996,0.08863199999999999,0.12024399999999999,0.169212,0.10543200000000001,0.137112,0.13018000000000002,0.06946,0.07373199999999999
0.0,0.103432,0.090756,0.12755199999999997,0.165168,0.108856,0.13506800000000002,0.126696,0.066876,0.075596
0.0,0.104388,0.097448,0.12190399999999998,0.16408799999999998,0.11190799999999998,0.134324,0.131492,0.06682,0.067628
0.0,0.11182,0.09462799999999999,0.120304,0.164088,0.10836399999999999,0.136276,0.126328,0.06545999999999999,0.07273199999999999
0.0,0.10758799999999999,0.095968,0.12102399999999999,0.168168,0.113928,0.126732,0.13421200000000003,0.064076,0.068304
0.0,0.10484,0.09774800000000002,0.126312,0.16487600000000002,0.108928,0.131296,0.128616,0.06368399999999999,0.0737
0.0,0.10772,0.10238799999999999,0.11914,0.16817200000000002,0.113612,0.128684,0.13112400000000002,0.05910800000000001,0.070052
0.0,0.1116,0.10172800000000001,0.117416,0.167936,0.11320800000000002,0.12816799999999998,0.131008,0.058652,0.07028399999999999
0.0,0.11057599999999998,0.10424,0.11629199999999999,0.161884,0.113076,0.128812,0.137428,0.059292,0.06839999999999999
0.0,0.11213599999999999,0.10423200000000002,0.11491200000000001,0.16663999999999998,0.113944,0.12857599999999997,0.133052,0.058968000000000007,0.06754
0.0,0.107016,0.09868800000000001,0.11956,0.17099199999999998,0.12006800000000002,0.125512,0.1361,0.05436799999999999,0.067696
0.0,0.104304,0.107372,0.11996,0.16233599999999998,0.11510400000000001,0.12207599999999999,0.13857199999999997,0.058416,0.07186
0.0,0.102844,0.105424,0.1203,0.16734000000000002,0.11852,0.126812,0.13264399999999998,0.054528,0.07158800000000001
0.0,0.11057999999999998,0.104548,0.11634800000000001,0.168008,0.114372,0.126608,0.131972,0.05608,0.07148399999999999
0.0,0.114612,0.10774799999999998,0.11484000000000001,0.16504400000000002,0.12087599999999998,0.126452,0.131644,0.049828,0.06895599999999999
0.0,0.110188,0.109172,0.11008,0.16594000000000003,0.12143200000000001,0.12645599999999999,0.137816,0.05028400000000001,0.068632
0.0,0.114384,0.109728,0.11466399999999999,0.16346,0.126608,0.1238,0.13180399999999998,0.044716,0.070836
0.0,0.11303999999999999,0.10620800000000001,0.115932,0.163364,0.12344000000000002,0.121888,0.135932,0.051732,0.068464
0.0,0.11388400000000001,0.11119599999999999,0.11383599999999998,0.16399600000000003,0.11848399999999999,0.12840000000000001,0.12862400000000002,0.049923999999999996,0.071656
0.0,0.116316,0.11155599999999999,0.10967199999999999,0.167248,0.121112,0.11744800000000002,0.13512399999999997,0.050824,0.0707
0.0,0.112748,0.10667599999999999,0.117264,0.163548,0.125044,0.12028799999999999,0.13676800000000003,0.048048,0.069616
0.0,0.11049199999999999,0.107724,0.11479600000000001,0.169768,0.12206399999999999,0.12512,0.13886,0.04596,0.065216
0.0,0.11008799999999999,0.11217600000000001,0.115208,0.167548,0.12702,0.11949199999999997,0.137868,0.044036,0.066564
0.0,0.114476,0.11052,0.11172799999999998,0.16548000000000002,0.126312,0.119028,0.140496,0.04368799999999999,0.06827200000000001
0.0,0.11068,0.1091,0.11268399999999998,0.16584000000000002,0.131444,0.11698800000000001,0.14187199999999997,0.042228,0.06916399999999999
0.0,0.115704,0.11149999999999997,0.11580400000000002,0.16137200000000002,0.124156,0.11546400000000001,0.14040799999999998,0.043864,0.07172799999999999
0.0,0.11212,0.11910800000000002,0.112988,0.165396,0.12947599999999998,0.11599600000000002,0.135228,0.042808,0.06688
0.0,0.10947599999999999,0.111852,0.11305200000000001,0.168848,0.134496,0.11384399999999999,0.139268,0.038784,0.07038
0.0,0.115184,0.11332400000000001,0.110856,0.168192,0.13063200000000003,0.11628800000000002,0.13780799999999999,0.041724,0.065992
0.0,0.11041999999999999,0.11292399999999998,0.11393199999999999,0.16578400000000001,0.126836,0.117076,0.13956,0.04316000000000001,0.07030800000000001
0.0,0.111852,0.11471199999999997,0.10999600000000001,0.168404,0.134716,0.111232,0.13997199999999999,0.039556,0.06956
0.0,0.110972,0.113928,0.113036,0.164112,0.13331600000000002,0.11553200000000001,0.144172,0.038076,0.066856
0.0,0.11532799999999999,0.115964,0.10898000000000001,0.164348,0.136932,0.11102399999999998,0.14526,0.03678,0.065384
0.0,0.11273199999999998,0.11674,0.110684,0.16649200000000003,0.138808,0.112048,0.137144,0.034792000000000003,0.07056
0.0,0.11172800000000001,0.12076400000000001,0.10644,0.170116,0.133812,0.1119,0.14474,0.035012,0.065488
0.0,0.11118400000000002,0.117028,0.109636,0.164364,0.13772,0.11213200000000001,0.14823599999999998,0.032652,0.067048
0.0,0.110532,0.11961599999999999,0.11404399999999999,0.158224,0.13985999999999998,0.11153199999999999,0.14291199999999998,0.031348,0.07193200000000001
0.0,0.114432,0.11934,0.10726,0.16410799999999998,0.143472,0.10729999999999999,0.145452,0.030824,0.06781200000000001
0.0,0.11726,0.12149999999999998,0.109416,0.162184,0.13871999999999998,0.110544,0.14109600000000003,0.0311,0.06818
0.0,0.11689999999999998,0.12114799999999999,0.10620399999999999,0.169612,0.13740800000000003,0.10898800000000002,0.140368,0.031856,0.067516
0.0,0.11919600000000001,0.11985599999999999,0.11102799999999997,0.161064,0.139364,0.109924,0.147168,0.029928,0.06247200000000001
0.0,0.109636,0.11894799999999998,0.10896000000000002,0.16626000000000002,0.147964,0.109464,0.142052,0.027583999999999997,0.069132
0.0,0.111304,0.121752,0.10303200000000001,0.171184,0.145456,0.106532,0.144476,0.027395999999999997,0.068868
0.0,0.11179599999999998,0.12647199999999997,0.10991199999999998,0.1601,0.14635199999999998,0.10869200000000001,0.145216,0.027004,0.06445599999999999
0.0,0.11152,0.123484,0.10930799999999999,0.168096,0.147192,0.10576,0.14396799999999998,0.022119999999999997,0.068552
0.0,0.11561599999999998,0.126616,0.10591199999999998,0.160352,0.14656799999999998,0.10855600000000001,0.14772,0.021924000000000003,0.06673599999999999
0.0,0.11550399999999998,0.12434399999999998,0.10574000000000001,0.16502,0.15430799999999997,0.104056,0.142712,0.0221,0.06621599999999998
0.0,0.11381599999999999,0.124924,0.10305999999999997,0.174372,0.14832399999999998,0.10458799999999999,0.143472,0.020491999999999996,0.066952
0.0,0.11128400000000001,0.126688,0.102392,0.16758399999999998,0.14960400000000001,0.10628000000000001,0.1447,0.022228,0.06924
0.0,0.11290800000000001,0.122288,0.105532,0.164724,0.14982399999999998,0.108636,0.151064,0.020104,0.06492
0.0,0.11493199999999999,0.123,0.10277600000000002,0.16458799999999998,0.15961599999999998,0.10200400000000001,0.148508,0.0192,0.065376
0.0,0.111164,0.13140400000000002,0.09858,0.168696,0.15517600000000004,0.10381199999999999,0.148624,0.018928,0.06361599999999999
0.0,0.11117600000000001,0.130756,0.10098,0.168896,0.15116,0.102216,0.15066400000000002,0.016971999999999998,0.06717999999999999
0.0,0.10966800000000002,0.126376,0.1051,0.158276,0.16332000000000002,0.105276,0.14476399999999998,0.016579999999999998,0.07064000000000001
0.0,0.112268,0.12234799999999997,0.09945999999999999,0.167736,0.154248,0.104972,0.154716,0.015583999999999997,0.06866799999999999
0.0,0.113632,0.12491599999999999,0.100492,0.16768,0.15165999999999996,0.10002,0.152968,0.015487999999999998,0.073144
0.0,0.11155200000000001,0.131928,0.09970799999999999,0.165832,0.15635600000000002,0.10248399999999999,0.14864399999999997,0.015535999999999998,0.06795999999999999
0.0,0.11180000000000001,0.13184,0.10377600000000001,0.15982000000000002,0.16053599999999998,0.100044,0.15083599999999997,0.013287999999999998,0.06806
0.0,0.109604,0.13055999999999998,0.102488,0.16490000000000002,0.160096,0.102932,0.15142799999999998,0.013284,0.064708
0.0,0.114372,0.129576,0.09759199999999998,0.1617,0.158832,0.100272,0.157744,0.012156,0.06775600000000001
0.0,0.11516799999999998,0.12439200000000002,0.10133999999999999,0.16211599999999998,0.159588,0.10229600000000001,0.158548,0.011767999999999997,0.06478400000000001
0.0,0.11421200000000001,0.13186,0.09584800000000002,0.16306400000000001,0.16352000000000003,0.096532,0.159956,0.010207999999999998,0.06480000000000001
0.0,0.11076000000000001,0.13049200000000002,0.10372799999999997,0.160728,0.166852,0.096956,0.154072,0.010955999999999999,0.065456
0.0,0.11206399999999998,0.13178,0.10218399999999998,0.16015600000000002,0.16688,0.09536,0.15598399999999998,0.009624,0.065968
0.05117200000000001,0.10542,0.120536,0.09951600000000001,0.15230000000000002,0.1578,0.09303600000000001,0.148152,0.008276,0.063792
0.056055999999999995,0.10372400000000001,0.12002799999999998,0.09696400000000001,0.154688,0.159776,0.09176,0.150156,0.007736,0.059112
0.05780399999999999,0.10788,0.124248,0.09428,0.14830400000000002,0.158188,0.089112,0.15356,0.007732,0.058892
0.05761599999999999,0.10590400000000003,0.123776,0.096536,0.150292,0.15443199999999999,0.08996000000000001,0.151036,0.007236000000000001,0.063212
0.0588,0.102904,0.11672799999999998,0.09245600000000001,0.153128,0.163964,0.08949599999999999,0.155308,0.006456000000000001,0.06076
0.05946800000000001,0.106544,0.11953999999999998,0.09394,0.147692,0.16199599999999997,0.09166,0.15274000000000001,0.00642,0.06
0.06324,0.107868,0.123228,0.09235600000000001,0.14852000000000004,0.158584,0.09153199999999999,0.148808,0.006052,0.059812
0.066164,0.10303600000000002,0.12323999999999999,0.089668,0.144052,0.164544,0.09232399999999999,0.152732,0.004508,0.05973200000000001
0.063404,0.10442399999999999,0.118072,0.08881199999999999,0.15201599999999998,0.16816400000000004,0.086276,0.153984,0.004864,0.059984
0.06655999999999998,0.105104,0.11766399999999999,0.09121199999999999,0.153692,0.162576,0.08878,0.143948,0.004376,0.06608800000000001
0.06881599999999999,0.10554000000000001,0.11902399999999999,0.09110399999999999,0.14652800000000002,0.168296,0.08911200000000001,0.1469,0.003512,0.061168
0.07093200000000002,0.10491600000000001,0.11961199999999998,0.09352000000000002,0.14457199999999998,0.167468,0.08527599999999999,0.1513,0.004860000000000001,0.057544000000000005
0.0702,0.10743200000000001,0.119516,0.09068,0.14808800000000003,0.162536,0.087704,0.14855999999999997,0.004396,0.060888
0.07706800000000001,0.102976,0.115268,0.08887600000000001,0.146808,0.169268,0.084652,0.15114,0.003888,0.060056
0.075956,0.10125600000000001,0.12401999999999998,0.08746799999999999,0.149268,0.172224,0.08812,0.140936,0.002972,0.05778
0.08075600000000001,0.10261999999999998,0.11924000000000001,0.08690000000000002,0.148152,0.170824,0.08129199999999999,0.14666,0.00344,0.060116
0.08353600000000001,0.10490400000000003,0.11772399999999998,0.090144,0.14512799999999998,0.164864,0.08196400000000001,0.14698399999999998,0.0037199999999999998,0.061031999999999996
0.08462,0.10296400000000001,0.118584,0.090784,0.141324,0.16893599999999998,0.08744,0.14250800000000002,0.002944,0.059896000000000005
0.087936,0.10196799999999999,0.12050399999999999,0.09014400000000002,0.139592,0.16603199999999999,0.08391600000000002,0.14575999999999997,0.003112,0.061036
0.09478,0.10199600000000002,0.115564,0.08575999999999999,0.145292,0.16660000000000003,0.08175199999999999,0.146664,0.0020239999999999998,0.059567999999999996
0.09722,0.09463599999999998,0.115364,0.086492,0.148832,0.169928,0.07930000000000001,0.141632,0.002756,0.06384000000000001
0.099772,0.098576,0.11388000000000001,0.08770399999999999,0.13484400000000002,0.16886800000000002,0.09004000000000001,0.14705600000000002,0.002308,0.056952
0.10565600000000001,0.100392,0.11752399999999999,0.084844,0.140336,0.165536,0.08083599999999999,0.141072,0.0016919999999999997,0.062112
0.11195200000000001,0.09650800000000001,0.116976,0.08862,0.132076,0.17176000000000002,0.08209999999999999,0.141372,0.002112,0.056524000000000005
0.111384,0.10288,0.11348799999999999,0.08183599999999999,0.14376,0.16538,0.08335200000000001,0.13954799999999998,0.002124,0.056248
0.115272,0.09904800000000001,0.11450800000000001,0.0838,0.139544,0.17106000000000002,0.08248799999999999,0.13675199999999998,0.0016759999999999998,0.05585199999999999
0.11646399999999998,0.10281599999999999,0.116456,0.07979599999999999,0.13524799999999998,0.171576,0.081756,0.13883600000000001,0.0017840000000000002,0.055268000000000005
0.124732,0.10155600000000001,0.11277600000000002,0.078616,0.138356,0.16830799999999999,0.080648,0.133376,0.00126,0.060372
0.133544,0.10411999999999999,0.107212,0.078664,0.13666799999999998,0.16863199999999998,0.08239199999999999,0.13164399999999998,0.001584,0.05554
0.1405,0.102176,0.11169200000000001,0.078328,0.12946000000000002,0.170908,0.08335200000000001,0.125528,0.00122,0.056836
0.138012,0.101612,0.111612,0.078068,0.134048,0.17104,0.080436,0.127536,0.001,0.056636
0.14621200000000004,0.10134000000000001,0.11010400000000001,0.07974400000000001,0.128024,0.165996,0.081256,0.12979599999999997,0.000904,0.056623999999999994
0.157424,0.09994399999999999,0.103128,0.076,0.130928,0.168892,0.081916,0.125472,0.000784,0.05551199999999999
0.156024,0.100556,0.107768,0.07439200000000001,0.1275,0.16796399999999995,0.07777200000000001,0.1253,0.0009000000000000001,0.061824000000000004
0.163916,0.09875199999999999,0.10624,0.076552,0.131068,0.164356,0.078204,0.12000400000000003,0.0007520000000000001,0.06015599999999999
0.17149999999999999,0.09989200000000001,0.103884,0.076052,0.12491199999999998,0.162968,0.0824,0.11946000000000001,0.00022799999999999999,0.058704
0.17470400000000003,0.100208,0.106572,0.07285599999999999,0.128612,0.16544399999999998,0.079404,0.11461600000000001,0.000608,0.056976000000000006
0.176952,0.10170000000000001,0.105152,0.070156,0.123516,0.173096,0.076316,0.118156,0.00041600000000000003,0.05454000000000001
0.184644,0.097176,0.10500399999999999,0.071476,0.12394799999999999,0.16754,0.07620799999999998,0.11517999999999999,0.00042000000000000007,0.05840399999999999
0.18875199999999998,0.100664,0.10254800000000001,0.07272,0.12178,0.166784,0.077572,0.11235600000000001,0.00048000000000000007,0.056344000000000005
0.191956,0.098612,0.10066799999999998,0.071592,0.1226,0.169676,0.07597200000000001,0.11186399999999999,0.000368,0.056692
0.19778,0.09870799999999999,0.10504,0.070192,0.11815999999999997,0.171056,0.07698799999999999,0.10450399999999997,0.000344,0.057228
0.200012,0.10488,0.103056,0.070704,0.12002800000000002,0.169848,0.07232000000000001,0.104832,0.000496,0.053824
0.197444,0.103064,0.105104,0.07069600000000001,0.120452,0.168648,0.07427199999999999,0.101156,0.00043999999999999996,0.058724
0.20551599999999998,0.10125200000000001,0.098008,0.071024,0.12277999999999997,0.162372,0.07468799999999999,0.10384800000000001,0.00034,0.060172
0.20300800000000002,0.100048,0.105396,0.069816,0.11917599999999999,0.16709999999999997,0.07908400000000002,0.101488,0.000552,0.054332000000000005
0.205416,0.10059200000000001,0.101424,0.067136,0.11838,0.168912,0.074932,0.105792,9.6e-05,0.05732
0.20870799999999998,0.09845999999999999,0.104304,0.06714800000000001,0.11751199999999999,0.174824,0.07242,0.09913999999999999,0.000176,0.057308000000000005
0.20789200000000002,0.09794,0.09748799999999999,0.070432,0.11733999999999997,0.17131600000000002,0.07756,0.10090000000000002,0.0005,0.058632
0.21354400000000004,0.102284,0.10181199999999999,0.06612399999999999,0.119044,0.165472,0.07921600000000001,0.097216,0.000296,0.054992
0.214184,0.100976,0.102356,0.06802,0.11535200000000001,0.166836,0.0762,0.09656,0.000368,0.059148
0.2113,0.10290400000000002,0.09934400000000002,0.066916,0.11968800000000002,0.16706800000000002,0.0761,0.09586399999999999,2.4e-05,0.060792
0.22190000000000004,0.10140800000000001,0.096388,0.06586,0.11341199999999999,0.17098,0.073812,0.09555599999999999,0.000144,0.060540000000000004
0.21662000000000003,0.10119200000000002,0.09564,0.06574,0.117204,0.172232,0.075268,0.098412,0.000172,0.05752
0.22465600000000002,0.10555599999999998,0.10032,0.063968,0.117644,0.16413599999999998,0.07228400000000001,0.094472,0.000164,0.056799999999999996
0.220256,0.10469599999999998,0.10067200000000001,0.063952,0.116232,0.16751199999999997,0.076084,0.095692,0.00017999999999999998,0.054723999999999995
0.221332,0.10046,0.098584,0.06614400000000001,0.117228,0.17227200000000004,0.0784,0.087808,0.00012800000000000002,0.05764400000000001
0.22521999999999998,0.104304,0.10065199999999999,0.067748,0.112588,0.167124,0.0758,0.088048,0.00047999999999999996,0.058036
0.22166399999999994,0.10331199999999999,0.10358400000000001,0.06747600000000001,0.11380399999999999,0.16812,0.07341199999999999,0.089836,0.0,0.058792
0.22309199999999998,0.10544400000000001,0.097132,0.068576,0.11531200000000001,0.16581600000000002,0.07572,0.090396,0.0,0.058511999999999995
0.229996,0.104684,0.10140800000000001,0.064324,0.11339599999999998,0.17339599999999997,0.07258400000000001,0.08402,0.0,0.056192
0.22386,0.10847600000000002,0.09834000000000001,0.068928,0.113168,0.173528,0.07286000000000001,0.08428,0.0,0.05656
0.23085999999999998,0.106872,0.099108,0.06554,0.11122399999999999,0.165688,0.073608,0.08834,0.0,0.05876
0.240184,0.106484,0.10136,0.063832,0.10913999999999999,0.166692,0.071804,0.08482,0.0,0.055684
0.23045200000000005,0.10706,0.10062,0.068936,0.10409199999999999,0.17295599999999997,0.075488,0.08509599999999999,0.0,0.0553
0.235208,0.11130799999999999,0.09745999999999999,0.06314800000000001,0.11409999999999998,0.164532,0.07321599999999999,0.08391200000000001,0.0,0.057115999999999986
0.238516,0.10613600000000001,0.099652,0.063524,0.109636,0.170016,0.07358,0.08201599999999999,0.0,0.056923999999999995
0.23226399999999997,0.10802399999999998,0.098528,0.0673,0.11066799999999999,0.17159600000000003,0.07188399999999999,0.08316,0.0,0.056576
0.236992,0.104728,0.09652400000000001,0.067896,0.108904,0.17074800000000004,0.07006,0.088064,0.0,0.056084
0.24027999999999997,0.109148,0.098676,0.065476,0.109232,0.167492,0.071748,0.07993199999999999,0.0,0.058016
0.24310000000000004,0.10496799999999999,0.09709999999999999,0.065008,0.10624000000000003,0.171616,0.0747,0.07996800000000001,0.0,0.0573
0.23798399999999997,0.11322399999999999,0.094668,0.065424,0.108232,0.171228,0.07265200000000001,0.08107199999999999,0.0,0.05551600000000001
0.24066800000000002,0.11130799999999999,0.09556800000000001,0.06249199999999999,0.10484800000000001,0.17550400000000002,0.06837599999999999,0.080844,0.0,0.060392
0.24498800000000004,0.10485199999999999,0.099244,0.06636,0.10286399999999998,0.17494799999999996,0.07348,0.077752,0.0,0.055512000000000006
0.24574,0.11077200000000001,0.09637599999999999,0.064084,0.10672,0.17295599999999997,0.06890399999999999,0.07399599999999999,0.0,0.060452000000000006
0.241812,0.11703599999999999,0.099788,0.067688,0.107192,0.165344,0.069408,0.074144,0.0,0.05758799999999999
0.24201999999999999,0.110636,0.091904,0.06687200000000001,0.10351999999999999,0.175396,0.072612,0.079728,0.0,0.05731200000000001
0.24643599999999996,0.105756,0.096544,0.062347999999999994,0.10602800000000001,0.17362799999999998,0.076036,0.07683200000000001,0.0,0.056392
