TAXA_1,TAXA_2,TAXA_3,TAXA_4,TAXA_5,TAXA_6,TAXA_7,TAXA_8,TAXA_9,TAXA_10
0.0,0.11073200000000001,0.083568,0.118888,0.17271199999999998,0.09847999999999998,0.06095199999999999,0.160132,0.09938,0.095156
0.0,0.10632400000000002,0.08303200000000001,0.12183599999999999,0.175276,0.099108,0.062644,0.15986799999999998,0.096436,0.09547599999999999
0.0,0.11672799999999998,0.087076,0.11974,0.174468,0.100716,0.05831200000000001,0.15805200000000003,0.09226799999999999,0.09264
0.0,0.10946799999999998,0.08720400000000002,0.11982,0.176116,0.105352,0.05786800000000001,0.16375599999999998,0.092568,0.08784800000000001
0.0,0.11102399999999998,0.089788,0.115932,0.17342,0.10585200000000002,0.06010399999999999,0.16222399999999998,0.090896,0.09076000000000001
0.0,0.10618000000000001,0.09868,0.12236799999999999,0.17363199999999998,0.10736799999999999,0.05653199999999999,0.154472,0.08642000000000001,0.094348
0.0,0.10808,0.09097999999999999,0.11981199999999999,0.180728,0.10562799999999999,0.055264,0.160872,0.085044,0.093592
0.0,0.10356399999999999,0.09525199999999999,0.11341599999999999,0.182408,0.11028399999999998,0.05494399999999999,0.16496000000000002,0.084776,0.090396
0.0,0.104576,0.093272,0.11594399999999998,0.179912,0.11100000000000002,0.05334799999999999,0.162868,0.084636,0.094444
0.0,0.10703599999999999,0.095448,0.11905599999999998,0.182084,0.10986,0.05178399999999998,0.164864,0.077684,0.092184
0.0,0.10518000000000001,0.101352,0.115832,0.17632799999999998,0.10860399999999999,0.05216400000000001,0.172264,0.07586400000000001,0.092412
0.0,0.10751200000000001,0.09979600000000001,0.114076,0.17928800000000003,0.10468,0.050395999999999996,0.171668,0.07909200000000001,0.09349199999999999
0.0,0.10804399999999999,0.10174799999999999,0.116756,0.17787999999999998,0.114528,0.049856,0.167272,0.071292,0.09262400000000001
0.0,0.103388,0.10655200000000001,0.11297600000000001,0.177808,0.110596,0.049375999999999996,0.17153200000000002,0.075656,0.092116
0.0,0.10606800000000001,0.10462,0.114152,0.17950799999999997,0.10769599999999999,0.05195599999999999,0.17650800000000003,0.06938000000000001,0.090112
0.0,0.106196,0.1068,0.115388,0.17611200000000002,0.11732400000000001,0.051496,0.166956,0.069844,0.08988399999999999
0.0,0.10123599999999999,0.10951999999999999,0.11782800000000002,0.17843599999999998,0.11389200000000002,0.05142,0.168128,0.06802,0.09152
0.0,0.102576,0.10750800000000002,0.11311999999999997,0.181092,0.11945199999999997,0.050559999999999994,0.175536,0.06251599999999999,0.08764
0.0,0.100052,0.10892399999999999,0.11346799999999999,0.184132,0.120444,0.04559600000000001,0.178088,0.061607999999999996,0.08768800000000002
0.0,0.104988,0.111812,0.10822400000000001,0.18171600000000002,0.119788,0.050496,0.17838799999999996,0.060776,0.08381199999999998
0.0,0.10433200000000001,0.110924,0.11313999999999998,0.183012,0.127152,0.042704000000000006,0.17497599999999996,0.058199999999999995,0.08556
0.0,0.10212000000000002,0.11180000000000001,0.10936799999999999,0.187812,0.12013999999999998,0.04722,0.17669600000000002,0.05828000000000001,0.086564
0.0,0.10057599999999997,0.11626,0.10973599999999999,0.18702400000000002,0.12339600000000002,0.048384,0.17084800000000003,0.056679999999999994,0.08709599999999999
0.0,0.10229600000000001,0.1143,0.11335200000000001,0.18097199999999997,0.12811999999999998,0.044816,0.17682799999999999,0.0546,0.084716
0.0,0.106824,0.11324799999999999,0.110608,0.181704,0.1271,0.046416,0.17812,0.05356799999999999,0.08241200000000001
0.0,0.104124,0.111612,0.11469200000000002,0.18431199999999998,0.12498800000000002,0.046655999999999996,0.17824399999999999,0.050012,0.08536000000000002
0.0,0.108528,0.11546799999999999,0.11173999999999999,0.18236400000000003,0.12722000000000003,0.04557599999999999,0.178348,0.046792,0.083964
0.0,0.10212399999999999,0.11728399999999999,0.10704799999999999,0.187124,0.128824,0.042103999999999996,0.18294400000000002,0.04911600000000001,0.08343199999999999
0.0,0.105708,0.115612,0.11225199999999999,0.179704,0.12968,0.043164,0.17748400000000003,0.048147999999999996,0.08824800000000001
0.0,0.100496,0.116756,0.10991999999999999,0.186388,0.12962400000000002,0.044115999999999995,0.18238000000000001,0.044992000000000004,0.085328
0.0,0.105436,0.11751200000000002,0.10561200000000001,0.19112800000000002,0.13223600000000002,0.044908,0.17662,0.042456,0.084092
0.0,0.106284,0.11557999999999999,0.106884,0.181168,0.13833600000000001,0.044308,0.185696,0.040443999999999994,0.0813
0.0,0.10894,0.11856800000000003,0.10817600000000001,0.17629599999999998,0.13996400000000003,0.043112,0.183344,0.040676000000000004,0.080924
0.0,0.10894,0.122804,0.10328000000000001,0.17974799999999996,0.13803200000000002,0.04365600000000001,0.180872,0.04194,0.080728
0.0,0.10810800000000001,0.11650400000000001,0.10888400000000001,0.180676,0.13504,0.046592,0.182644,0.039864,0.08168800000000001
0.0,0.103128,0.12010400000000002,0.108436,0.18069200000000002,0.141588,0.045512000000000004,0.17982399999999998,0.03718,0.08353600000000001
0.0,0.101244,0.124116,0.10507999999999999,0.17458,0.147216,0.043572,0.18207600000000002,0.040103999999999994,0.082012
0.0,0.11248,0.119648,0.104328,0.179452,0.143316,0.04104,0.184044,0.035643999999999995,0.080048
0.0,0.10676000000000001,0.11530800000000001,0.10966000000000001,0.17843599999999998,0.144412,0.047212000000000004,0.18409999999999999,0.033443999999999995,0.080668
0.0,0.10806400000000001,0.12001600000000001,0.10569599999999998,0.18624000000000002,0.14404,0.043488000000000006,0.182456,0.030496000000000002,0.079504
0.0,0.10864800000000001,0.11584799999999999,0.10657599999999998,0.181216,0.14932800000000002,0.04392,0.180972,0.034396,0.079096
0.0,0.104868,0.125688,0.1086,0.17848799999999998,0.147128,0.04259600000000001,0.184732,0.031096000000000002,0.076804
0.0,0.11003599999999998,0.12212800000000001,0.106508,0.17784,0.14961200000000002,0.040852,0.186832,0.031052000000000003,0.07514
0.0,0.10760800000000001,0.119896,0.107684,0.179012,0.150848,0.041375999999999996,0.182664,0.029192000000000003,0.08172
0.0,0.110812,0.12155200000000002,0.105344,0.17787999999999998,0.15451200000000004,0.039396,0.18297599999999997,0.028444000000000004,0.079084
0.0,0.11011600000000002,0.121864,0.106044,0.17858400000000002,0.151356,0.044163999999999995,0.18422399999999997,0.025632,0.078016
0.0,0.11347199999999999,0.120384,0.10559199999999999,0.176244,0.159412,0.042224000000000005,0.18318,0.026175999999999998,0.07331599999999999
0.0,0.111456,0.12214399999999999,0.107012,0.174304,0.161144,0.042747999999999994,0.177676,0.026471999999999996,0.077044
0.0,0.113192,0.117716,0.101912,0.179392,0.157348,0.041004,0.18832,0.025675999999999997,0.07544
0.0,0.11140400000000002,0.12301200000000001,0.10262800000000001,0.17851199999999998,0.162728,0.04278800000000001,0.18171600000000002,0.02278,0.074432
0.0,0.10766800000000001,0.129052,0.104708,0.17534,0.16485999999999998,0.03936,0.180668,0.023176000000000002,0.07516800000000001
0.0,0.11266000000000001,0.12401599999999999,0.10438800000000001,0.17475200000000002,0.160224,0.040708,0.18517199999999998,0.024304,0.07377599999999998
0.0,0.10885199999999999,0.122856,0.105728,0.17326000000000003,0.170924,0.039656000000000004,0.181044,0.0215,0.07618
0.0,0.11282,0.121,0.101092,0.17447200000000002,0.16485199999999997,0.042075999999999995,0.185044,0.020588000000000002,0.078056
0.0,0.111268,0.12279599999999999,0.10500400000000001,0.17472000000000001,0.167404,0.041156,0.183692,0.02096,0.073
0.0,0.11344000000000001,0.11884399999999999,0.103836,0.173292,0.177008,0.03942,0.18648400000000004,0.019747999999999998,0.06792800000000002
0.0,0.111796,0.1244,0.107756,0.16903200000000002,0.175984,0.03642,0.18437199999999998,0.018491999999999998,0.071748
0.0,0.117496,0.12577200000000002,0.10481599999999999,0.17282000000000003,0.16478,0.041440000000000005,0.18558000000000002,0.016356000000000002,0.07094
0.0,0.11694399999999998,0.12018399999999999,0.100292,0.17333199999999999,0.176004,0.03968000000000001,0.184456,0.01506,0.074048
0.0,0.11269599999999999,0.12322,0.103348,0.171956,0.17685199999999998,0.0396,0.18789999999999998,0.015516000000000002,0.068912
0.0,0.119316,0.12467600000000001,0.106168,0.17132399999999998,0.168512,0.042332,0.18225200000000003,0.013672,0.071748
0.0,0.119332,0.120512,0.10256399999999999,0.17524,0.17269600000000002,0.038416,0.182968,0.015936,0.072336
0.0,0.11987999999999999,0.12445999999999999,0.103612,0.173856,0.1723,0.038768,0.17984799999999998,0.01322,0.07405600000000001
0.0,0.11710400000000001,0.12008400000000001,0.10268000000000002,0.169912,0.173976,0.041128000000000005,0.18952399999999997,0.013972000000000002,0.07162
0.0,0.11864,0.121664,0.10222400000000001,0.165964,0.18126799999999998,0.041232000000000005,0.1831,0.011216,0.07469200000000001
0.0,0.122532,0.118916,0.102864,0.165424,0.177048,0.03836,0.18824399999999997,0.011595999999999999,0.075016
0.0,0.119156,0.12006000000000001,0.10265600000000001,0.171872,0.17696399999999998,0.041604,0.18625999999999998,0.00998,0.071448
0.0,0.11621600000000001,0.11991999999999998,0.103024,0.16680399999999998,0.1861,0.04026,0.186952,0.009984,0.07074
0.0,0.115384,0.12195199999999999,0.10595600000000001,0.170788,0.180268,0.039036,0.18848800000000002,0.008976000000000001,0.06915200000000002
0.0,0.124784,0.1153,0.10325600000000001,0.16674799999999998,0.184472,0.039108,0.19232000000000002,0.009932,0.06408
0.0,0.12117200000000002,0.116044,0.099324,0.16863999999999998,0.18296799999999996,0.041576,0.19052799999999998,0.008572,0.071176
0.0,0.119232,0.122972,0.10451200000000001,0.16237600000000002,0.183816,0.04141199999999999,0.189708,0.007679999999999999,0.06829199999999999
0.06849999999999999,0.11638,0.108484,0.099736,0.151996,0.170188,0.03845200000000001,0.180104,0.007156000000000001,0.059004
0.07438800000000001,0.117072,0.11391200000000001,0.09441200000000001,0.14626,0.17241999999999996,0.037388,0.177356,0.007228,0.059564000000000006
0.07697200000000001,0.11166000000000001,0.112596,0.092724,0.150656,0.173716,0.034936,0.182696,0.005772,0.058272000000000004
0.08590400000000001,0.1123,0.10836799999999999,0.093776,0.14727200000000001,0.169892,0.037648,0.17791200000000001,0.006772,0.06015600000000001
0.08492799999999999,0.11554,0.112188,0.09109199999999999,0.14912,0.16950399999999996,0.032936,0.181584,0.005236,0.057872
0.09065199999999998,0.11295999999999999,0.107796,0.095592,0.145872,0.173096,0.03796800000000001,0.17599599999999999,0.004628,0.05544
0.09750400000000001,0.11245999999999998,0.11427999999999998,0.092336,0.147688,0.16611599999999999,0.035368,0.170372,0.004252000000000001,0.059623999999999996
0.10256399999999999,0.112872,0.11436399999999998,0.09073200000000001,0.144652,0.172264,0.034744,0.16606,0.005292,0.05645599999999999
0.102164,0.116828,0.10806800000000001,0.08947600000000001,0.14827600000000002,0.169708,0.033412,0.169124,0.004739999999999999,0.05820399999999999
0.1051,0.11472,0.10917599999999998,0.09218400000000002,0.142484,0.174628,0.037472000000000005,0.166708,0.004163999999999999,0.05336400000000001
0.11398800000000002,0.11371200000000001,0.10718399999999999,0.090732,0.14154,0.171912,0.037520000000000005,0.16278399999999998,0.004392,0.056235999999999994
0.12202000000000002,0.11346799999999999,0.107976,0.090796,0.142092,0.16803200000000001,0.034268,0.165344,0.0039040000000000004,0.0521
0.12740400000000002,0.11704400000000001,0.10354,0.091512,0.13676800000000003,0.167588,0.037663999999999996,0.16219199999999998,0.003512,0.052776
0.127172,0.11573199999999999,0.10236,0.09211200000000001,0.13872400000000001,0.171272,0.034348000000000004,0.16252,0.0032640000000000004,0.052496
0.13526,0.11548,0.10395599999999998,0.093464,0.133608,0.17145200000000002,0.031532000000000004,0.160356,0.002416,0.052476
0.14088,0.113428,0.09995599999999999,0.09118800000000002,0.1308,0.17592,0.032196,0.15868,0.004332,0.05262
0.14380400000000002,0.113152,0.104532,0.08948400000000001,0.128424,0.17330399999999999,0.034215999999999996,0.155692,0.0034360000000000003,0.05395599999999999
0.152568,0.11560000000000001,0.09924000000000001,0.09196,0.130404,0.164436,0.036104000000000004,0.158104,0.003276,0.048308000000000004
0.157388,0.11495199999999998,0.104424,0.0898,0.12457200000000002,0.165896,0.037732,0.15153999999999998,0.003196,0.0505
0.163908,0.116492,0.099344,0.089536,0.123932,0.17020399999999997,0.032204,0.149936,0.002388,0.052056000000000005
0.166572,0.113492,0.101716,0.082604,0.13442,0.168008,0.03188,0.148712,0.00278,0.04981599999999999
0.17488,0.1132,0.098,0.08714000000000001,0.122732,0.167368,0.035012,0.15018,0.0029920000000000003,0.048496
0.18217199999999997,0.111052,0.096028,0.08786400000000001,0.12944,0.16675600000000002,0.033864,0.13984400000000002,0.0034280000000000005,0.049552
0.19216,0.1085,0.09621600000000001,0.08904799999999999,0.11898,0.17041599999999998,0.033284,0.141784,0.002628,0.046984000000000005
0.18902800000000003,0.116072,0.10096400000000001,0.08839999999999999,0.11854400000000001,0.170988,0.0317,0.136628,0.00146,0.046216
0.20466399999999996,0.10975199999999999,0.09467600000000001,0.084484,0.12468399999999999,0.165624,0.035936,0.1289,0.0022,0.04908
0.20729999999999998,0.110788,0.094708,0.08882799999999999,0.11861600000000001,0.16652799999999998,0.031239999999999997,0.133168,0.001532,0.047292
0.22414799999999996,0.112212,0.09617200000000001,0.08226800000000001,0.114432,0.16331199999999998,0.036316,0.121696,0.001512,0.047932
0.221408,0.117252,0.090912,0.08163200000000001,0.114716,0.168072,0.034311999999999995,0.121376,0.001608,0.048712
0.22327600000000003,0.113932,0.09257199999999999,0.083172,0.113424,0.17016,0.033836,0.12154399999999999,0.00106,0.047024
0.23288799999999998,0.1172,0.09515599999999999,0.077844,0.111872,0.165976,0.032764,0.11854800000000001,0.001408,0.04634400000000001
0.24016800000000002,0.116516,0.096552,0.08249999999999999,0.10325200000000001,0.162568,0.0335,0.117208,0.00162,0.046116
0.24902800000000003,0.115632,0.09187200000000001,0.079764,0.110748,0.16599599999999998,0.032256,0.10827200000000001,0.000924,0.045508
0.255116,0.11549200000000001,0.094928,0.07922399999999999,0.10382,0.163612,0.03176,0.11025999999999998,0.0008680000000000001,0.04492
0.259056,0.11288400000000001,0.09443199999999999,0.07596800000000001,0.10405199999999999,0.16671600000000003,0.032743999999999995,0.107572,0.001376,0.045200000000000004
0.26999999999999996,0.11439599999999998,0.0906,0.076624,0.10455999999999999,0.159756,0.033104,0.10236800000000001,0.000956,0.047636
0.276852,0.11652399999999999,0.08771599999999999,0.078384,0.10439999999999998,0.160088,0.033528,0.0988,0.00068,0.043028
0.27896,0.11465999999999998,0.08841200000000002,0.076812,0.10145200000000001,0.168656,0.03202,0.093704,0.000596,0.044728000000000004
0.27790400000000004,0.117344,0.08861999999999999,0.07964,0.106084,0.16459200000000002,0.03034,0.09354000000000001,0.00047200000000000003,0.041464
0.287632,0.113604,0.088712,0.08126000000000001,0.10092399999999999,0.16541200000000003,0.033488,0.086548,0.000452,0.041968000000000005
0.285616,0.12134800000000001,0.09259600000000001,0.07554000000000001,0.09835200000000001,0.16423600000000002,0.030375999999999997,0.087344,0.000728,0.043864
0.28671199999999997,0.119364,0.08765600000000003,0.07214000000000001,0.10389599999999999,0.16371599999999997,0.031028,0.091464,0.00040800000000000005,0.043616
0.297204,0.11386800000000001,0.08486400000000001,0.078628,0.095872,0.164064,0.032327999999999996,0.089164,0.000176,0.043831999999999996
0.290376,0.120032,0.08997600000000001,0.074856,0.10304000000000002,0.16552799999999998,0.030132,0.082072,0.0005759999999999999,0.043412
0.29542799999999997,0.117976,0.088176,0.079064,0.097268,0.165248,0.029512,0.082484,0.000608,0.044236
0.29769599999999996,0.11882000000000001,0.088408,0.074736,0.10287199999999999,0.167392,0.028015999999999996,0.081756,0.000616,0.039688
0.29559599999999997,0.12050400000000001,0.09028800000000001,0.07371599999999999,0.100352,0.16234800000000002,0.033456,0.07893199999999999,0.000972,0.043836
0.297156,0.118368,0.089448,0.07427999999999998,0.09703200000000001,0.16918,0.032576,0.07672000000000001,0.000508,0.044732
0.306528,0.11515600000000001,0.086988,0.077332,0.09731200000000001,0.16030000000000003,0.030328,0.08227999999999999,0.00064,0.043136
0.29820399999999997,0.118564,0.08509999999999998,0.082296,0.09331999999999999,0.169204,0.032716,0.07812,0.000316,0.04216
0.29484000000000005,0.119556,0.08785599999999999,0.08005599999999999,0.09974,0.168264,0.032952,0.07353200000000001,0.00045599999999999997,0.042747999999999994
0.296604,0.116452,0.093052,0.07669600000000001,0.10229199999999998,0.16844399999999998,0.030784,0.074932,0.00040800000000000005,0.040336
0.29865200000000003,0.115964,0.085616,0.080012,0.10259599999999999,0.175456,0.030156000000000006,0.070472,0.000276,0.0408
0.30150399999999994,0.116604,0.08520799999999999,0.07926000000000001,0.09722,0.172316,0.030872000000000004,0.0744,0.000388,0.042228
0.303444,0.116204,0.08588,0.07825199999999999,0.098176,0.17031199999999996,0.033592,0.06932799999999999,0.00022799999999999999,0.044584
0.29688000000000003,0.12090000000000001,0.09032399999999999,0.081852,0.09724800000000001,0.17045600000000002,0.0312,0.066356,0.000328,0.04445600000000001
0.30775600000000003,0.122092,0.089,0.08344,0.092812,0.166772,0.031304,0.065576,0.000396,0.040852
0.304616,0.120676,0.090064,0.078656,0.096724,0.17088399999999998,0.030931999999999998,0.066872,0.000508,0.040068
0.304768,0.123112,0.08979600000000001,0.08243199999999999,0.09414,0.169164,0.031867999999999994,0.063224,0.0,0.041496000000000005
0.301,0.119564,0.09032399999999999,0.08182799999999998,0.09885600000000001,0.171264,0.031252,0.06423199999999998,0.0,0.04168
0.31688800000000006,0.12088000000000002,0.08404400000000001,0.084892,0.09732,0.166996,0.031408000000000005,0.05860800000000001,0.0,0.038964
0.31096799999999997,0.123584,0.085256,0.078508,0.099236,0.170008,0.032248,0.05995999999999999,0.0,0.040232000000000004
0.311536,0.119452,0.079716,0.085192,0.09722399999999999,0.176296,0.03412,0.055728,0.0,0.040736
0.3159,0.11724399999999999,0.088084,0.08183599999999999,0.09217600000000001,0.17730400000000002,0.03084,0.055384,0.0,0.041232
0.31334799999999996,0.121112,0.08712800000000001,0.089108,0.09303199999999999,0.169672,0.033192,0.054852,0.0,0.038556
0.314828,0.1213,0.08782000000000001,0.080544,0.09387999999999999,0.17508800000000002,0.032216,0.05457599999999999,0.0,0.039748
0.31462,0.11684000000000001,0.088672,0.089016,0.08906,0.17555600000000002,0.030967999999999996,0.05386,0.0,0.041408
0.311596,0.11858799999999999,0.08642400000000001,0.088388,0.096736,0.174416,0.03136799999999999,0.0497,0.0,0.042784
0.31272399999999995,0.11664,0.090536,0.08455199999999999,0.09540399999999999,0.17537199999999997,0.032236,0.053944000000000006,0.0,0.038592
0.31838,0.1292,0.087812,0.083488,0.092104,0.16974799999999998,0.032647999999999996,0.049519999999999995,0.0,0.0371
0.315796,0.12392399999999999,0.086052,0.08757199999999998,0.096332,0.17136,0.030319999999999996,0.049092000000000004,0.0,0.039552
0.315528,0.12145999999999998,0.08713199999999999,0.0876,0.09330000000000001,0.17534,0.032548,0.046676,0.0,0.040415999999999994
0.321556,0.12467999999999999,0.086836,0.0826,0.09657600000000001,0.167436,0.032292,0.046624,0.0,0.041400000000000006
0.323104,0.12349200000000002,0.087192,0.083104,0.09318800000000002,0.175444,0.031488,0.046428000000000004,0.0,0.036559999999999995
0.328004,0.12027600000000001,0.092136,0.085672,0.091108,0.16759600000000002,0.032144,0.043899999999999995,0.0,0.039164
0.32066800000000006,0.12014,0.08701600000000001,0.090176,0.093772,0.17274799999999998,0.032056,0.043028,0.0,0.040396
0.314796,0.12019200000000001,0.086676,0.08490400000000001,0.09859599999999999,0.173272,0.03544,0.046796,0.0,0.039327999999999995
0.310448,0.122296,0.090084,0.0878,0.09743200000000002,0.177004,0.033,0.041156000000000005,0.0,0.040780000000000004
